((pacman ((13 17)))
(coins
((8 20)
 (8 22) 
 (8 23) 
 (9 23) 
 (10 23)  
 (11 23) 
 (12 23)
 (13 23) 
 (14 23)  
 (15 23) 
 (16 23)
 (17 23)  
 (18 23) 
 (19 20) 
 (19 22) 
 (19 23) 
 (8 21) 
 (9 21) 
 (10 21) 
 (11 21) 
 (12 21) 
 (13 21) 
 (14 21) 
 (15 21) 
 (16 21)
 (17 21) 
 (18 21) 
 (19 21) 
 (8 19) 
 (9 19)
 (10 19)
 (11 19) 
 (12 19) 
 (13 19) 
 (14 19) 
 (15 19) 
 (16 19) 
 (17 19) 
 (18 19) 
 (19 19)))
(walls
((7 8)
(8 8)
(9 8)
(10 8)
(11 8)
(12 8)
(13 8)
(14 8)
(15 8)
(16 8)
(17 8)
(18 8)
(19 8)
(20 8)
(9 10)
(10 10)
(11 10)
(12 10)
(13 10)
(14 10)
(15 10)
(16 10)
(17 10)
(18 10)
(7 12)
(8 12)
(10 12)
(11 12)
(12 12)
(15 12)
(16 12)
(17 12)
(19 12)
(20 12)
(0 13)
(1 13)
(2 13)
(3 13)
(4 13)
(5 13)
(6 13)
(7 13)
(8 13)
(19 13)
(20 13)
(21 13)
(22 13)
(23 13)
(24 13)
(25 13)
(26 13)
(27 13)
(0 15)
(1 15)
(2 15)
(3 15)
(4 15)
(5 15)
(6 15)
(7 15)
(8 15)
(19 15)
(20 15)
(21 15)
(22 15)
(23 15)
(24 15)
(25 15)
(26 15)
(27 15)
(7 16)
(8 16)
(10 16)
(11 16)
(12 16)
(13 16)
(14 16)
(15 16)
(16 16)
(17 16)
(19 16)
(20 16)
(9 18)
(10 18)
(11 18)
(12 18)
(13 18)
(14 18)
(15 18)
(16 18)
(17 18)
(18 18)
(9 20)
(10 20)
(11 20)
(12 20)
(15 20)
(16 20)
(17 20)
(18 20)
(9 22)
(10 22)
(11 22)
(12 22)
(13 22)
(14 22)
(15 22)
(16 22)
(17 22)
(18 22)
(7 24)
(8 24)
(9 24)
(10 24)
(11 24)
(12 24)
(13 24)
(14 24)
(15 24)
(16 24)
(17 24)
(18 24)
(19 24)
(20 24)
(7 8)
(7 9)
(7 10)
(7 11)
(7 12)
(7 13)
(7 15)
(7 16)
(7 17)
(7 18)
(7 19)
(7 20)
(7 21)
(7 22)
(7 23)
(7 24)
(10 12)
(10 13)
(10 14)
(10 15)
(10 16)
(17 12)
(17 13)
(17 14)
(17 15)
(17 16)
(20 8)
(20 9)
(20 10)
(20 11)
(20 12)
(20 13)
(20 15)
(20 16)
(20 17)
(20 18)
(20 19)
(20 20)
(20 21)
(20 22)
(20 23)
(20 24))))
